3  0.737205
4  1.15824
5  0.572183333
6  1.101266667
7  1.289586667
8  0.867465
10  2.865953333
11  0.892993333
13  0.4617
15  0.351166667
16  0.188796667
17  0.167236667
18  0.212626667
19  1.18782
20  0.10407
21  2.716745
22  0.218283333
23  3.338215
24  3.191043333
25  3.347166667
26  3.34565
28  2.908183333
29  3.283795
30  2.964275
31  2.867606667
32  3.18439
33  3.44986
34  3.491746667
35  3.190976667
36  2.37861
37  1.590635
39  1.53111
42  1.690615
43  1.74052
44  0.143505
45  0.270605
46  0.789523333
47  2.88968
48  2.805275
49  1.446676667
50  0.946776667
51  0.781466667
52  1.545695
53  0.303616667
54  0.217336667
55  0.97607
56  2.25049
