3 9.7736675 
4 9.678525128 
5 9.528353423 
6 9.735873177
7 9.571858581
8 9.898548747
10 5.08344912 
11 10.28924678 
13 9.84100526 
15 8.359441762 
16 6.696557902 
17 8.887753764
18 6.783495071
19 9.351349496 
20 7.26552 
21 4.320463358 
22 6.322209019 
23 2.37861 
37 9.2068526 
39 9.03063707 
42 8.72584306 
43 8.647226393 
44 8.842176598
45 8.739188264 
46 9.778475392 
47 4.034840841 
48 4.297194466 
49 10.00899071 
50 7.282907758 
51 10.16753226 
52 9.393146192 
53 9.619989  
54 9.9574175 
55 9.882909197 
56 8.302727941 
